[array([0.637032, 0.368261]), array([0.7062  , 0.122062]), array([0.775133, 0.834762, 0.861829]), array([0.449492, 0.479808, 0.356365, 0.425518]), array([0.609679, 0.616934, 0.960423, 0.897129]), array([0.50824 , 0.328278, 0.506541, 0.837713, 0.14346 ]), array([0.314356, 0.530192, 0.907566, 0.249292, 0.397774, 0.759598]), array([0.101782, 0.152859, 0.245958, 0.160681, 0.186567, 0.285095,
       0.173374, 0.896765])]
[array([0.005642, 0.538939]), array([0.729484, 0.001256]), array([0.597856, 0.598336, 0.411558]), array([0.470755, 0.482339, 0.089532, 0.371557]), array([0.087437, 0.925787, 0.998405, 0.969425]), array([0.420458, 0.056226, 0.460981, 0.985344, 0.028152]), array([0.010577, 0.463814, 0.311878, 0.148737, 0.376414, 0.762008]), array([0.139242, 0.159125, 0.233442, 0.060516, 0.975001, 0.799971,
       0.231587, 0.156243])]
[array([0.779169, 0.204537]), array([0.745341, 0.18413 ]), array([0.471034, 0.995569, 0.441232]), array([0.345721, 0.44868 , 0.387794, 0.409653]), array([0.0612  , 0.74334 , 0.997114, 0.987884]), array([0.462007, 0.36841 , 0.742629, 0.950752, 0.131918]), array([0.002995, 0.351345, 0.169515, 0.214878, 0.382971, 0.88222 ]), array([0.073949, 0.031207, 0.1936  , 0.030347, 0.826692, 0.331357,
       0.076651, 0.497706])]
[array([0.041227, 0.484155]), array([0.699356, 0.998287]), array([0.668719, 0.001192, 0.651821]), array([0.136795, 0.433757, 0.385522, 0.514439]), array([0.130512, 0.03756 , 0.005557, 0.009066]), array([0.697008, 0.046526, 0.991576, 0.024215, 0.981784]), array([0.980592, 0.922072, 0.193768, 0.134255, 0.986663, 0.997741]), array([0.0394  , 0.326906, 0.018355, 0.026688, 0.968938, 0.397579,
       0.000996, 0.495523])]
[array([0.142486, 0.960395]), array([0.702355, 0.120687]), array([0.956241, 0.584143, 0.386904]), array([0.382175, 0.410573, 0.417861, 0.368767]), array([0.056765, 0.993975, 0.999688, 0.772769]), array([5.13507e-01, 3.93404e-01, 5.10460e-01, 9.95883e-01, 3.87000e-04]), array([0.027726, 0.750318, 0.459759, 0.080863, 0.399704, 0.745741]), array([9.76656e-01, 8.13886e-01, 1.87370e-02, 2.58503e-01, 2.58560e-01,
       7.92146e-01, 3.08000e-04, 3.41020e-02])]
[array([9.97606e-01, 2.26000e-04]), array([0.717588, 0.996884]), array([9.82185e-01, 5.70290e-02, 9.70000e-05]), array([0.391188, 0.380063, 0.357737, 0.39694 ]), array([0.089309, 0.99494 , 0.997317, 0.971219]), array([0.184689, 0.006677, 0.964657, 0.960255, 0.014516]), array([0.005   , 0.953689, 0.283533, 0.042132, 0.429663, 0.937389]), array([0.011076, 0.167735, 0.049003, 0.926821, 0.915372, 0.768511,
       0.006967, 0.364737])]